Bicycle 344.32 218.21364 383.36 291.8051
Bicycle 366.08 219.49400999999997 396.8 300.76434
Bicycle 378.24 223.33311 412.16 309.08306
Bicycle 391.04 222.05341 444.8 303.32374
Bicycle 485.76 257.88903 506.88 312.92283
Bicycle 518.4 239.33137 542.08 314.20253
Bicycle 545.92 370.51603 703.36 634.1643799999999
Bicycle 570.88 314.20253 598.4 348.1186
Bicycle 664.32 268.12797 719.36 380.7543
Bicycle 736.64 344.27883 887.04 560.57292
Bicycle 853.12 293.0848 968.32 527.93722
Bicycle 960.64 253.41008 1023.36 394.19316
