Bicycle 29.44 302.133246 103.04 463.44145399999996
Bicycle 148.48 316.855994 208.64 460.880887
Bicycle 178.56 320.696503 275.84 475.603635
Bicycle 286.08 288.69044 329.6 384.70794600000005
Bicycle 328.32 288.69044 359.68 368.704573
Bicycle 370.56 270.127183 394.24 342.460298
Bicycle 394.24 281.00942200000003 426.88 357.18304600000005
Bicycle 400.64 305.97375500000004 478.08 448.718706
Bicycle 412.16 293.811574 433.28 364.864064
Bicycle 485.76 287.410498 504.32 351.42194099999995
Bicycle 489.6 283.569989 517.12 378.94684099999995
Bicycle 499.2 322.616416 585.6 476.24360599999994
Bicycle 564.48 313.654773 619.52 455.759753
Bicycle 598.4 289.331094 653.44 417.353297
Bicycle 659.2 311.094889 745.6 451.91924400000005
Bicycle 752.0 336.05922200000003 837.12 467.281963
Bicycle 819.2 315.57536899999997 897.92 455.759753
Bicycle 938.24 318.135936 1023.36 464.721396
Bicycle 992.0 312.37483100000003 1023.36 441.037688
