Boat 14.72 537.5999999999999 176.64 743.679744
Boat 115.2 540.159744 160.64 588.159744
Boat 147.84 524.16 170.24 531.2002560000001
Boat 190.72 500.480256 204.16 516.48
Boat 230.4 525.440256 256.0 546.560256
Boat 231.68 548.480256 318.08 593.28
Boat 238.72 506.88 264.96 515.199744
Boat 282.24 602.2402559999999 414.72 645.7597440000001
Boat 286.08 511.359744 329.6 529.92
Boat 345.6 515.199744 360.32 520.3199999999999
Boat 357.76 524.16 373.12 536.319744
Boat 370.56 546.560256 397.44 557.439744
Boat 397.44 541.4399999999999 448.64 570.8797440000001
Boat 472.32 541.4399999999999 515.2 566.4000000000001
Boat 515.2 644.480256 775.68 754.5600000000001
Boat 522.88 528.639744 546.56 548.480256
Boat 550.4 531.2002560000001 567.68 557.439744
Boat 846.72 594.560256 944.64 630.399744
Boat 1001.6 604.8 1023.36 659.199744
