Boat 32.0 317.439744 99.2 330.24
Boat 96.64 321.279744 152.32 338.55974399999997
Boat 127.36 316.160256 173.44 328.959744
Boat 209.28 330.24 316.16 352.640256
Boat 219.52 317.439744 280.32 336.0
Boat 275.2 316.160256 333.44 331.520256
Boat 415.36 316.160256 465.92 330.24
Boat 439.04 318.71999999999997 505.6 337.280256
Boat 510.72 322.56 597.76 346.239744
Boat 579.84 317.439744 702.08 353.28000000000003
Boat 670.72 316.79999999999995 757.76 337.92
Boat 775.04 328.959744 838.4 348.800256
Boat 833.28 316.160256 890.24 336.0
Boat 864.0 327.680256 936.32 347.52
