Boat 898.56 392.37264000000005 999.04 438.459318
Boat 377.6 446.140332 405.12 465.982902
Boat 411.52 417.336084 428.8 423.737028
Boat 430.08 414.775944 440.32 427.577832
Boat 473.6 412.21521 494.72 422.45695800000004
Boat 498.56 410.93514000000005 516.48 422.45695800000004
Boat 501.12 485.18514000000005 571.52 521.03007
Boat 609.92 406.454598 645.12 409.015332
Boat 645.12 407.734668 663.68 417.336084
Boat 653.44 432.698112 751.36 473.663916
Boat 672.64 412.21521 683.52 421.176888
Boat 723.84 419.896818 787.2 437.178654
Boat 1012.48 418.616154 1023.36 435.258846
