Boat 101.76 238.719744 213.12 367.360128
Boat 0.0 306.559872 27.52 386.559936
Boat 10.24 307.839744 37.76 352.639872
Boat 101.12 307.839744 116.48 345.59999999999997
Boat 211.2 260.479872 302.72 365.439744
Boat 246.4 353.919744 302.72 368.000064
Boat 298.88 286.720128 336.0 346.87987200000003
Boat 360.32 289.27987199999995 377.6 347.519808
Boat 364.16 282.879936 387.84 350.080128
Boat 384.0 284.159808 403.84 347.519808
Boat 401.28 305.28000000000003 417.92 345.59999999999997
Boat 417.92 291.840192 441.6 343.040256
Boat 456.32 280.320192 497.92 345.59999999999997
Boat 508.8 295.03987199999995 528.0 344.320128
Boat 526.72 285.440256 567.68 345.59999999999997
Boat 591.36 304.00012799999996 600.32 339.200064
Boat 597.76 280.320192 642.56 343.040256
Boat 668.8 284.159808 707.84 343.040256
Boat 717.44 472.959936 1023.36 575.360064
Boat 748.8 319.35974400000003 801.28 341.759808
Boat 821.12 331.52025599999996 855.04 340.479936
