Boat 24.96 498.474573 181.12 583.049097
Boat 143.36 471.565056 243.2 570.234651
Boat 186.88 421.58926299999996 279.68 467.72044900000003
Boat 264.32 474.127672 429.44 577.923182
Boat 412.16 471.565056 471.04 521.540166
Boat 424.32 462.59453399999995 554.24 501.67852600000003
Boat 554.24 399.16432399999997 647.04 440.16959499999996
Boat 614.4 365.206247 679.68 390.194485
Boat 668.16 399.16432399999997 754.56 436.325671
Boat 727.04 421.58926299999996 845.44 469.00175700000005
Boat 789.12 383.787262 976.64 437.60697899999997
