Boat 124.27892400000002 444.437504 245.355132 504.635392
Boat 0.0 439.314432 71.748864 486.704128
Boat 36.514808 427.147264 125.56051199999999 479.660032
Boat 131.325568 446.358528 187.05918 481.581056
Boat 228.698668 448.280576 318.384748 491.8272
Boat 294.041264 443.15648 332.47803600000003 479.660032
Boat 349.774876 444.437504 463.803604 503.995392
Boat 442.663672 448.280576 509.28702000000004 481.581056
Boat 498.39728399999996 436.112384 582.317472 488.625152
Boat 559.895952 486.704128 605.379368 503.995392
Boat 581.035884 450.2016 643.81614 476.457984
Boat 593.208044 472.614912 655.9874639999999 482.86208
Boat 632.925568 467.49184 748.87626 507.83744
Boat 668.159624 448.280576 725.8143640000001 479.660032
Boat 737.9865239999999 479.660032 780.266388 486.704128
Boat 750.798224 460.447744 796.2816399999999 470.693888
