Boat 848.64 280.32 1012.48 546.560256
Boat 0.0 198.399744 558.08 371.840256
Boat 1.28 89.600256 16.0 102.399744
Boat 37.12 96.0 48.64 106.880256
Boat 63.36 94.71974399999999 100.48 109.44
Boat 128.0 89.600256 275.2 110.72025599999999
Boat 192.64 266.88 632.96 442.88025600000003
Boat 225.92 109.44 284.16 135.68025599999999
Boat 243.2 266.88 677.12 461.43974399999996
Boat 249.6 35.199743999999995 298.88 122.240256
Boat 285.44 97.28025600000001 326.4 111.99974399999999
Boat 354.56 108.15974400000002 384.64 120.96000000000001
Boat 363.52 58.880256 408.32 117.12
Boat 392.32 288.0 757.76 536.960256
Boat 472.96 279.03974400000004 855.68 550.400256
Boat 483.84 101.12025600000001 523.52 120.96000000000001
Boat 611.2 98.559744 659.84 113.919744
