Boat 178.176 393.16992400000004 340.992 444.36404600000003
Boat 88.064 376.788244 179.2 401.36145
Boat 93.184 276.44771 284.672 357.334656
Boat 120.832 368.596718 192.512 386.003282
Boat 228.352 341.975802 324.608 368.596718
Boat 331.776 352.215038 466.944 386.003282
Boat 359.424 312.283664 428.032 336.85687
Boat 435.2 324.569924 483.328 339.928092
Boat 476.16 310.235954 523.264 329.689542
Boat 488.448 344.02419799999996 560.128 361.430076
Boat 603.136 333.784962 691.2 360.405878
Boat 762.88 356.310458 790.528 365.525496
