Taxi 42.399744 393.6 81.6 423.199744
Taxi 48.800256000000005 400.0 75.200256 420.799488
Taxi 63.99974400000001 442.399744 105.60000000000001 476.000256
Taxi 79.19999999999999 345.6 112.80000000000001 359.999488
Taxi 81.6 380.8 102.399744 400.799744
Taxi 109.599744 345.6 143.199744 363.200512
Taxi 111.99974399999999 344.800256 131.199744 359.199744
Taxi 140.799744 359.999488 164.000256 380.8
Taxi 169.599744 374.4 193.599744 391.999488
Taxi 239.199744 737.599488 355.20000000000005 855.199744
Taxi 240.0 405.600256 276.800256 430.399488
Taxi 256.79999999999995 610.400256 337.599744 679.199744
Taxi 265.599744 522.399744 328.79999999999995 573.599744
Taxi 336.0 582.4 404.799744 659.999744
Taxi 375.99974399999996 638.400512 481.599744 720.799744
Taxi 680.7997439999999 878.400512 767.199744 1023.200256
