Taxi 624.64 634.685652 777.6 683.359776
Taxi 661.76 525.8092680000001 741.76 609.708024
Taxi 684.16 270.909828 714.24 288.202032
Taxi 693.12 350.966556 709.12 373.38192000000004
Taxi 714.24 420.77559599999995 784.64 469.44972
Taxi 741.76 534.77514 856.96 639.808812
Taxi 762.88 447.03367199999997 840.32 511.07864400000005
Taxi 803.2 319.583952 829.44 338.157288
Taxi 803.2 298.44972 835.84 311.899212
Taxi 804.48 423.337176 871.68 477.135144
Taxi 834.56 313.17966 864.64 335.595708
Taxi 849.28 409.24746000000005 906.88 450.876384
Taxi 881.92 394.516836 930.56 429.741468
Taxi 889.6 427.179888 956.8 479.696724
Taxi 900.48 304.213788 940.8 322.146216
Taxi 906.88 377.22463200000004 958.08 409.24746000000005
Taxi 926.72 407.326104 983.04 445.75253999999995
Taxi 958.08 382.9887 1008.0 419.494464
Taxi 989.44 368.25876000000005 1020.8 398.359548
Taxi 1011.84 353.528136 1023.36 373.38192000000004
