Taxi 0.0 377.6 271.359744 762.24
Taxi 0.0 560.64 616.3199999999999 1023.36
Taxi 111.99974399999999 168.96 267.519744 275.84
Taxi 220.160256 181.12 456.320256 364.8
Taxi 353.28000000000003 109.44 430.08000000000004 153.6
Taxi 358.400256 137.6 479.36025600000005 225.28
Taxi 391.68 88.96 449.28 135.68
Taxi 438.39974400000006 63.36 467.840256 85.76
Taxi 459.519744 56.32 481.91999999999996 77.44
Taxi 460.160256 87.04 551.04 160.64
Taxi 501.12 40.32 531.2002560000001 65.28
Taxi 505.599744 69.76 558.080256 120.32
Taxi 515.840256 193.92 767.360256 471.68
Taxi 576.639744 84.48 669.440256 154.24
Taxi 584.960256 68.48 663.680256 106.88
Taxi 599.04 53.12 663.680256 96.64
Taxi 718.08 91.52 748.160256 173.44
