Taxi 0.0 545.88775 218.88 636.22816
Taxi 0.0 544.605759 103.04 581.1264520000001
Taxi 181.76 552.2942899999999 251.52 584.9710590000001
Taxi 192.64 552.2942899999999 286.72 602.270083
Taxi 218.88 551.012982 322.56 608.677306
Taxi 248.96 552.2942899999999 432.64 623.413714
Taxi 361.6 551.012982 432.64 578.5638359999999
Taxi 396.8 552.2942899999999 487.68 607.3959980000001
Taxi 448.0 551.012982 596.48 609.958614
Taxi 551.68 551.012982 590.08 577.282528
Taxi 574.08 549.731674 638.72 598.426159
Taxi 600.32 553.576281 722.56 599.707467
Taxi 681.6 554.857589 737.92 582.40776
Taxi 714.88 559.9828210000001 739.84 592.65959
