Taxi 836.267008 542.985 1024.0 679.585
Taxi 0.0 313.32625 40.107008 345.76875
Taxi 268.8 338.93875 345.6 374.79625
Taxi 345.6 344.06125000000003 399.36 374.79625
Taxi 451.412992 336.3775 477.867008 357.72125000000005
Taxi 451.412992 355.16 478.72 377.3575
Taxi 483.84 365.40500000000003 579.412992 398.70125
Taxi 538.452992 379.91875 632.32 420.89874999999995
Taxi 584.532992 361.13625 631.467008 390.16375000000005
Taxi 641.707008 341.5 663.892992 357.72125000000005
Taxi 816.64 386.74875000000003 964.267008 428.5825
