Bus 30.735612000000003 217.6 170.96410799999998 404.48
Bus 34.576956 812.16 170.96410799999998 994.56
Bus 34.576956 21.76 174.165876 207.36
Bus 34.576956 613.12 174.165876 798.08
Bus 36.497628 415.36 174.165876 602.24
Bus 183.130632 19.84 804.2366880000001 201.6
Bus 185.051304 214.4 802.9565640000001 401.28
Bus 185.051304 614.4 804.2366880000001 798.08
Bus 185.051304 810.88 808.079004 995.84
Bus 186.971976 411.52 804.2366880000001 599.04
Bus 804.2366880000001 10.88 951.5102400000001 208.64
Bus 808.079004 807.04 946.3878 997.76
Bus 809.999676 410.24 946.3878 599.04
Bus 811.2807720000001 214.4 946.3878 403.2
Bus 811.2807720000001 609.28 946.3878 796.8
