Motorcycle 181.12 575.360256 462.72 767.360256
Motorcycle 351.36 458.88 450.56 642.560256
Motorcycle 429.44 337.280256 445.44 354.560256
Motorcycle 454.4 412.79999999999995 496.64 483.200256
Motorcycle 490.24 396.159744 532.48 452.480256
Motorcycle 536.32 365.439744 558.08 392.96025599999996
Motorcycle 558.08 359.04 576.0 384.0
Motorcycle 565.76 411.519744 691.2 638.079744
Motorcycle 572.16 384.0 589.44 397.43999999999994
Motorcycle 608.0 643.839744 672.64 767.360256
Motorcycle 683.52 479.36025600000005 703.36 508.160256
