Motorcycle 127.430656 343.77643900000004 540.444672 557.7835610000001
Motorcycle 332.230656 307.35 636.017664 483.79143899999997
Motorcycle 333.369344 134.323561 422.115328 256.125
Motorcycle 401.635328 183.271439 499.484672 305.073561
Motorcycle 515.412992 287.998561 736.142336 420.045
Motorcycle 643.982336 283.445 798.72 376.788561
Motorcycle 730.452992 273.2 828.302336 361.99
Motorcycle 737.28 233.358561 779.377664 280.03
Motorcycle 770.275328 267.508561 844.230656 350.606439
Motorcycle 787.342336 234.496439 815.787008 264.09356099999997
Motorcycle 831.715328 237.911439 880.64 277.753561
Motorcycle 870.4 239.04999999999998 940.942336 297.105
Motorcycle 932.977664 239.04999999999998 964.835328 283.445
Motorcycle 1000.107008 249.295 1022.862336 287.998561
