Motorcycle 0.0 295.697691 62.72 445.465935
Motorcycle 0.0 376.981851 384.0 680.3598599999999
Motorcycle 15.36 268.17575700000003 151.68 412.824243
Motorcycle 122.88 281.616654 206.72 398.103066
Motorcycle 158.08 286.737093 215.04 348.180318
Motorcycle 305.28 254.09472 386.56 344.34015899999997
Motorcycle 362.88 259.215159 445.44 334.099962
Motorcycle 382.72 213.13257000000002 952.32 676.519701
Motorcycle 441.6 245.774262 494.08 325.778823
Motorcycle 464.0 248.97496199999998 517.76 320.659065
Motorcycle 500.48 252.815121 525.44 295.697691
Motorcycle 537.6 240.653823 600.32 301.457589
Motorcycle 557.44 332.819682 659.84 419.22428099999996
