Motorcycle 2.509824 486.902016 286.117888 768.0
Motorcycle 77.80352 351.37228799999997 112.941056 396.54912
Motorcycle 145.568768 363.921408 193.2544 404.07859199999996
Motorcycle 190.7456 371.45088 233.411584 424.15718400000003
Motorcycle 256.0 363.921408 303.686656 424.15718400000003
Motorcycle 313.725952 366.431232 368.941056 441.725184
Motorcycle 386.509824 368.941056 424.157184 419.137536
Motorcycle 421.64736 396.54912 481.882112 464.31359999999995
Motorcycle 534.588416 399.058944 614.90176 474.352896
Motorcycle 627.45088 446.744832 805.64736 707.764992
Motorcycle 808.157184 419.137536 883.45088 562.195968
Motorcycle 873.411584 406.588416 983.842816 537.097728
Motorcycle 973.80352 424.15718400000003 1011.45088 504.470784
