Motorcycle 103.68 156.800256 1012.48 645.12
Motorcycle 0.0 39.680256 225.92 286.719744
Motorcycle 54.4 23.04 308.48 158.079744
Motorcycle 158.72 26.880000000000003 337.28 106.239744
Motorcycle 358.4 24.320256 580.48 169.599744
Motorcycle 441.6 27.519743999999996 507.52 72.320256
Motorcycle 550.4 34.56 696.96 151.040256
Motorcycle 560.64 18.560256000000003 613.76 65.91974400000001
Motorcycle 658.56 15.36 724.48 68.480256
Motorcycle 773.76 23.679744 867.2 99.200256
Motorcycle 883.2 26.240256000000002 1023.36 134.39999999999998
Motorcycle 992.0 84.48 1023.36 157.44
