Segway 0.0 289.92 74.24 417.27974399999994
Segway 163.84 419.840256 378.24 767.360256
Segway 173.44 300.800256 235.52 427.520256
Segway 293.76 327.03974400000004 383.36 490.88025600000003
Segway 379.52 341.76 501.12 567.680256
Segway 391.68 309.759744 447.36 434.559744
Segway 502.4 299.52 560.64 398.72025600000006
Segway 632.32 330.879744 727.68 490.88025600000003
Segway 715.52 365.439744 834.56 537.5999999999999
Segway 791.04 380.15999999999997 928.64 622.08
Segway 974.72 344.319744 1023.36 538.880256
