Segway 182.4 385.59511200000003 224.0 443.24174999999997
Segway 212.48 383.032902 257.28 440.67954000000003
Segway 243.2 388.79736 293.76 438.75805399999996
Segway 300.8 388.79736 349.44 446.444684
Segway 349.44 402.248448 407.04 448.36617
Segway 383.36 417.621022 446.08 453.48990399999997
Segway 467.2 418.90178399999996 533.12 459.895772
Segway 585.6 354.849964 658.56 467.58171600000003
Segway 684.8 357.411488 757.12 471.424688
Segway 820.48 357.411488 897.28 470.14392599999996
Segway 936.96 342.03891400000003 1023.36 482.95428999999996
