Segway 3.524608 248.5058 77.549568 373.64006
Segway 86.361088 236.16860000000003 130.423808 359.54014
Segway 125.135872 237.93085999999997 188.58496 370.11508000000003
Segway 213.260288 237.93085999999997 285.52192 357.77788
Segway 297.859072 230.88136 377.16992 375.40232000000003
Segway 486.444032 248.5058 565.755904 366.59009999999995
Segway 588.667904 230.88136 655.6416 356.01516000000004
Segway 669.74208 248.5058 752.57856 363.06512
Segway 757.865472 234.40634 835.41504 357.77788
Segway 932.350976 236.16860000000003 1011.662848 364.82738
