Truck 0.0 289.093975 227.84 516.148185
Truck 241.28 353.6929 361.6 467.53990000000005
Truck 342.4 374.79911999999996 392.32 453.46862999999996
Truck 387.84 386.311915 422.4 437.47867499999995
Truck 401.28 386.311915 451.2 432.36241
Truck 446.08 392.06797 460.16 429.80393499999997
Truck 448.64 397.18492000000003 472.32 443.23541500000005
Truck 476.16 399.74339499999996 491.52 428.52504000000005
Truck 488.96 398.46381499999995 501.12 425.966565
Truck 561.28 403.58076500000004 583.68 432.36241
Truck 581.12 398.46381499999995 595.2 434.920885
Truck 595.2 394.626445 609.92 431.08283000000006
Truck 606.08 387.59081000000003 629.76 441.31673
Truck 627.2 383.75344 661.12 448.35168
Truck 643.84 372.24064500000003 691.2 450.91015500000003
Truck 684.8 352.41332000000006 807.68 462.42294999999996
Truck 766.08 239.8459 1023.36 572.43258
