Wheelchair 148.48 373.781832 379.52 656.678766
Wheelchair 233.6 375.702252 318.08 453.146934
Wheelchair 468.48 318.098505 548.48 415.384122
Wheelchair 512.0 336.659841 639.36 456.987093
Wheelchair 528.64 253.45458000000002 546.56 272.015916
Wheelchair 533.76 253.45458000000002 562.56 282.256794
Wheelchair 581.12 259.855299 609.92 279.696234
Wheelchair 628.48 257.29542 647.68 280.976514
Wheelchair 636.16 257.29542 657.28 283.536393
Wheelchair 640.64 304.018149 716.8 369.301533
Wheelchair 668.16 449.306094 890.88 661.798524
Wheelchair 686.72 328.979523 768.0 432.66517799999997
