Car 169.99987199999998 135.999488 204.0 158.999552
Car 192.0 588.99968 240.99993600000002 652.99968
Car 200.000256 538.999808 681.000192 828.99968
Car 212.000256 289.999872 265.999872 336.0
Car 214.00012800000002 392.999936 274.000128 442.999808
Car 223.00032 140.99968 259.00032 163.999744
Car 227.00006399999998 199.999488 279.99974399999996 243.999744
Car 230.99980800000003 577.000448 295.00032 723.999744
Car 235.00032 220.99968 274.000128 263.999488
Car 273.00019199999997 547.00032 434.999808 744.999936
Car 276.0 135.999488 302.99980800000003 156.99968
Car 278.99980800000003 574.999552 531.999744 693.999616
Car 319.00032 273.000448 362.99980800000003 312.999936
Car 412.99968 156.000256 456.99993600000005 186.000384
Car 431.00006399999995 197.999616 470.999808 229.999616
Car 435.99974399999996 172.99968 468.0 202.999808
Car 498.00038399999994 396.99968 564.0 449.999872
Car 503.00006399999995 332.99968 554.999808 378.999808
Car 551.000064 533.000192 614.999808 560.0
Car 564.999936 561.999872 622.0001279999999 595.00032
