Car 0.0 208.01213099999998 44.8 224.01290699999998
Car 0.0 207.37199099999998 143.36 355.860636
Car 89.6 152.328804 905.6 568.353066
Car 145.92 224.01290699999998 298.24 254.09472
Car 158.72 197.77193400000002 303.36 238.093944
Car 300.8 213.13257000000002 515.84 280.33637400000003
Car 447.36 222.73330800000002 600.96 295.697691
Car 598.4 188.171196 672.0 206.09239200000002
Car 702.08 197.131794 776.96 222.093168
Car 776.96 205.45225200000002 860.8 226.573467
Car 808.32 177.930318 1023.36 343.05987899999997
