Car 241.92 125.56550399999999 734.08 593.232039
Car 0.0 108.268104 55.04 137.096877
Car 61.44 101.861937 96.64 121.721259
Car 72.96 103.142898 218.88 165.92565
Car 104.96 109.549065 140.16 121.721259
Car 146.56 115.95591300000001 182.4 131.971671
Car 196.48 114.674271 266.24 138.377838
Car 266.24 113.39331 292.48 124.283862
Car 288.64 114.03413099999999 325.76 126.846465
Car 304.64 110.189886 464.64 144.143865
Car 465.92 108.90892500000001 514.56 140.30030100000002
Car 686.08 117.877695 779.52 158.87866200000002
Car 691.84 115.315092 713.6 127.48728600000001
Car 762.24 117.877695 813.44 135.175095
Car 780.8 120.440298 862.08 153.753456
