Car 334.367744 522.3449119999999 460.855296 618.016573
Car 17.598464 505.84968200000003 147.385344 618.016573
Car 107.789312 513.547456 179.282944 557.5340630000001
Car 145.185792 514.647138 166.083584 533.341732
Car 166.083584 512.447774 234.276864 538.840142
Car 241.97632 475.058586 541.147136 515.7468200000001
Car 448.755712 514.647138 531.248128 557.5340630000001
Car 516.950016 515.7468200000001 632.43776 583.926431
Car 562.044928 527.843322 690.732032 608.1194350000001
Car 599.441408 522.3449119999999 730.329088 624.614665
Car 615.940096 517.946184 765.524992 640.00954
Car 640.137216 512.447774 909.611008 658.7041340000001
Car 719.32928 519.0458659999999 1022.900224 671.900318
