Car 0.0 679.68 93.471711 824.32
Car 83.227974 702.08 142.768293 800.0
Car 123.56138999999999 709.12 174.138543 775.68
Car 142.768293 693.12 195.265887 765.44
Car 184.38228 693.12 250.964493 756.48
Car 250.964493 693.12 263.128671 716.16
Car 307.3038 688.0 343.795503 714.24
Car 348.917787 672.64 363.002406 682.88
Car 363.002406 689.92 418.701012 734.72
Car 436.627344 689.92 471.19860600000004 716.16
Car 672.8665169999999 693.12 765.698358 791.68
Car 725.364111 696.96 830.3601299999999 819.2
Car 735.607848 680.96 763.7770859999999 693.12
Car 779.782977 682.88 809.2327859999999 704.0
Car 816.27468 728.32 830.3601299999999 838.4
